36370
49912
49926
49929
49985
49988
50000
50024
50039
23286
485
50061
50065
50068
50070
23292
50109
50110
23293
50132
22473
50158
50164
50185
50187
50199
50215
50216
50217
50226
50245
50246
23363
50262
50264
10768
50265
50269
50270
50271
50282
50291
50295
50300
50301
50302
50303
50304
50307
50310
50311
50313
50314
10773
50315
50316
50320
50323
50325
50327
50329
23372
23373
50353
50354
50355
50359
50361
50365
50367
50369
50370
50371
1646
50392
50393
50399
50400
50401
50402
50403
50404
50405
50414
23384
50463
50464
50472
50474
632
50477
50478
50479
50480
50484
77605
77606
77607
77608
50485
50486
50487
50488
50498
50499
50512
50518
50519
50521
50522
50523
50524
50525
50526
50527
50532
50533
50536
50539
50542
23393
50550
50554
50555
50565
50573
37704
50581
50582
50594
22478
50603
23398
50635
50639
50653
68661
37716
50728
50729
50746
50747
50748
50749
50750
37723
50761
50771
50780
50781
10818
50783
50784
50792
50794
50795
50799
50807
50821
50823
50827
50829
50834
50835
50849
14
21210
50876
22480
10828
50900
37739
50902
50903
50904
50905
50906
50907
50908
50910
50911
50912
50915
50940
50948
10834
50987
50989
50994
50997
50999
51008
51010
51011
23443
51026
51028
51029
51030
51031
51032
51033
51034
51035
51036
51037
51038
51039
51040
10842
51041
51042
51043
51044
51045
51046
51047
51049
10843
51058
51073
51074
51114
51121
51122
51123
51131
51134
51142
51156
51180
22397
51191
51193
51194
51196
51212
51213
51222
51230
51231
51232
51233
51234
23466
51236
37774
51253
51259
22483
51275
51284
51285
51286
37778
51292
51302
51314
51315
51316
51324
51325
51327
51329
51331
51332
51343
51376
51378
51390
51396
51397
51398
51401
51416
51420
51425
51428
51434
51435
51453
23491
23493
37798
51490
51491
51492
51493
51494
51505
51511
51512
36459
51515
10892
51538
51542
51553
37804
51556
51578
51599
51625
51635
51649
51656
51665
51667
51668
51673
51684
51691
51713
51722
51723
51724
51725
51726
51727
51728
51729
51730
51731
51732
51733
23526
51763
51766
51798
51799
51851
51870
21539
51873
51874
51875
51876
51877
51878
51880
51881
51882
51883
51884
51885
51886
51887
51888
51889
51890
51891
51892
51893
51894
51895
51896
67738
51897
51898
51899
51900
51901
51902
51903
51904
51905
51906
51907
51908
51909
51910
51911
51912
37840
51913
51914
51915
51916
51917
51918
51919
51920
51921
51922
51923
51924
51925
51926
51927
51928
51929
51930
51931
51932
51940
51941
51942
51943
51944
51945
51946
51948
51949
51950
51951
51952
51953
51954
51958
51964
51965
51966
51967
51968
51969
51970
51971
51972
51973
51974
51975
51976
51977
51979
51998
52001
52007
52008
52009
1674
52063
52064
52066
52075
16
52083
52084
52103
52119
52123
52124
52125
52126
52127
52129
52130
52131
52132
37861
52174
10955
52230
52231
52233
52234
52235
52236
52237
52238
52239
52240
52241
52242
52243
52244
52245
52246
52247
52248
52249
52250
52251
52252
52253
52254
52255
52256
52257
52258
52259
52260
52261
52262
52263
52264
52265
52267
52268
52269
52270
52271
52273
52274
52275
52276
52277
52278
52279
52280
52281
52282
1676
52283
52284
52285
52286
52287
52288
52289
52290
52291
52292
52293
52294
52295
52296
52297
52298
52299
52300
52301
52302
52303
52304
52305
52306
52307
52308
52309
52310
52311
52312
52313
52314
52315
52316
52317
52318
52319
52320
52321
52322
52323
52324
52325
52326
52327
52328
52329
52330
52331
52332
52333
52334
52335
52336
52337
10971
52338
37887
52339
52340
52341
52342
52343
52344
52345
52346
52347
52348
52349
52350
52351
52352
52353
52354
52355
52356
23586
52357
52358
52359
52360
52361
52362
52363
52364
52365
52366
52367
52376
52384
52385
52386
52387
52388
52389
52390
52391
52392
52393
52394
52395
52397
52398
10978
52408
23593
52420
52422
52432
52445
52452
67639
23597
10983
52473
1678
52498
10986
52502
52506
52513
52517
52518
52519
652
52557
52558
52570
52580
52581
52582
52583
52584
52585
23610
52594
52595
52596
52597
52599
52607
52608
52609
52610
52611
52613
52614
52615
52616
52617
52618
52619
52620
52636
52637
52638
52647
653
52671
52672
1969
52684
52697
52699
52702
52710
11008
52735
11009
52770
52771
52772
52773
23628
52774
52775
36471
2481
52816
52834
52842
655
23637
36472
52865
52866
52896
23650
23651
36
52947
234
37949
52973
52976
52983
52984
52985
23659
2482
52994
23660
23663
53027
53028
53032
23664
53045
37957
53051
23667
53067
53069
53072
53074
37960
53083
2698
23670
36474
53120
53124
53129
53135
53146
53147
53148
53161
658
53168
53176
53177
53181
53183
53186
53187
53188
2800
53194
53195
53196
53199
53200
53201
53202
53203
53204
53206
53207
53209
53210
53216
53217
23687
53222
53224
53225
53226
53227
53228
53229
53230
53233
53235
53236
53237
53238
53239
53242
53249
53264
53265
53266
659
53268
53273
36374
53280
53283
53285
4536
53299
53300
53301
53302
53303
53304
53305
53306
53307
53308
53309
53310
53311
53312
53313
53314
53315
53316
53317
53318
53319
53320
53321
53322
53323
53324
53325
53326
23700
53332
53338
37987
53345
53361
53377
53378
53379
53380
53381
53382
53383
53384
53385
53386
53387
53388
53389
53390
53391
53392
53393
53394
53395
53396
53397
53398
53399
53400
53401
53402
53403
53404
53405
53406
53407
53408
53409
53410
53411
53412
53413
53414
53415
53416
53417
53418
53426
53427
53429
53436
53437
53438
53439
53440
53441
53442
53443
53444
53445
53446
53447
53448
53449
53450
53451
53452
53453
53454
53455
53456
53457
53458
53459
53460
53461
666
53465
53466
53467
53468
11079
53469
53470
53471
53472
11080
53494
53495
53496
53497
53498
53499
53500
53501
53502
53503
11084
53535
53538
53551
53554
53555
53556
53557
53558
53559
53560
53561
53562
53563
53605
53625
53627
53631
53632
53633
53634
53657
53658
53665
53685
53687
53688
53690
53691
53692
53693
53694
53695
53696
53701
53709
53710
53711
53712
53713
53714
23744
11103
53715
53716
53717
53733
53734
53735
53736
53753
53754
53755
53756
53757
23753
53766
53767
53768
53769
53771
53812
23759
53816
53822
53827
53833
53835
23763
53849
53867
11118
53875
53876
53877
53878
38042
53879
53880
53881
53882
53883
53884
23769
53885
53886
53888
53889
53890
53891
53892
53893
53894
53895
53896
53898
23772
11121
53909
53910
53915
53919
53928
53937
53945
53954
67976
53965
53988
53989
53990
53991
53992
53994
53997
53998
53999
54007
23787
54026
54030
54031
54032
54033
54034
54037
23793
54038
54055
54059
23796
54071
54072
54073
672
54074
54081
54083
22391
23798
54094
54095
54104
54117
54127
23806
54154
23809
54156
54166
54167
673
54175
54176
54181
54182
54183
10007
54198
54199
54200
54201
23815
54210
54216
54217
54218
54229
11155
11156
54271
54275
54276
54280
54281
54282
54283
54284
54285
54286
54287
54288
54289
23825
54290
54291
54292
54297
54299
54338
54339
76971
54340
76968
76969
76970
54367
54368
54373
54374
11170
11171
54389
54390
54391
54404
54405
54409
54411
54422
54425
54435
54437
54438
54439
11177
54447
54448
54449
54453
54455
54457
54459
54461
54463
54465
54467
54469
54471
676
54474
54475
54496
54500
54501
54502
54503
54504
54505
54506
11182
54508
54510
54512
11183
54541
21564
54548
54550
54552
54559
54565
54582
54594
54608
23859
54639
54671
54672
54673
54676
54689
54701
10013
54712
54713
54714
54715
54717
54718
54719
54720
54721
54722
54723
54724
54725
54726
54727
54728
54729
21567
54730
54732
54733
54734
54735
36491
54767
54772
54778
54786
54791
54796
54797
10014
54805
54809
54823
54825
54833
54844
54854
54864
54869
54873
54878
54882
54883
36375
11222
54927
54928
54929
54932
54935
54940
54941
54942
54943
54944
54949
54950
54954
54983
54984
54989
54995
23899
55011
55013
21570
23900
55018
10017
55021
55022
55040
55041
55042
55055
55062
55063
55080
55082
55083
55084
55085
55086
55087
55089
55092
55093
55094
55095
55096
55097
23909
55098
55099
55100
55101
55102
55115
55116
55118
55133
23924
55134
55135
55136
55137
55138
11243
55139
55140
55144
55150
55153
55169
55177
68183
55185
55196
21572
55209
55219
55220
55229
55232
23934
55237
11258
55248
55249
55250
55258
55276
11262
55283
55284
55289
55292
55294
55304
55317
55320
55343
55360
55361
55362
55363
55364
55365
55366
55367
62834
68019
55392
11272
55396
55410
55411
55412
55420
55425
11275
36498
55433
23969
55443
55445
55450
55452
23970
55453
55454
55456
55457
55458
55461
55462
55463
11278
55466
55470
55473
55477
55491
23976
55495
55497
55500
55512
55514
55515
55520
55529
55530
55531
55533
55541
55554
55555
55556
55559
38206
55560
55561
55564
55566
55576
55581
55586
55593
55595
36499
55601
55604
55613
55614
55615
55620
55621
55622
55623
55624
55625
55626
55628
23989
55633
55641
55643
55645
11296
55652
55653
55654
55655
23992
55667
55668
55669
55670
55671
55672
55673
55674
55675
55676
55677
55679
55680
55696
55700
55710
55721
55725
55738
55743
55755
55775
55777
55780
55794
55801
55848
55860
55865
55867
55871
55906
55916
55917
55919
55922
55939
55949
21583
55959
38319
55969
55970
55972
55978
55979
55989
56008
56039
56040
56041
56048
21584
56057
56058
56059
56060
56061
11338
56066
56067
56068
56069
56070
56071
56072
56073
56074
56075
56076
56077
56078
56079
56080
56081
56082
56083
56084
56085
56086
24035
56104
56105
56110
56111
68117
56129
56140
56141
56144
56145
56159
56170
56175
56176
56177
56178
56179
56180
24044
56181
56182
56183
56184
56185
56186
56187
11353
56211
56219
56237
24053
56289
24058
56293
56296
56303
56307
56312
56330
56334
56337
56347
56350
56387
56390
56392
56393
56400
56402
56411
56412
38362
56433
56435
68181
56442
56443
56444
56449
56455
56456
56457
56458
56459
56460
56461
56462
56463
56464
56465
56466
56488
56492
56499
24081
56548
56556
56557
56558
56559
56560
56561
56562
56566
56568
56570
24088
56597
56601
56602
56603
36377
56625
56626
56632
56635
11395
56667
56669
56693
56694
56695
56699
24100
56700
56701
38708
11401
56714
56725
56737
56751
56754
56765
11405
56768
56772
56777
56784
56785
56809
21591
24114
56832
56855
56856
56857
56858
56863
56865
56876
56877
24125
56878
56889
56890
56891
36511
24161
38738
56913
56914
56916
56928
56935
56943
56971
56980
56984
56987
56990
57007
57063
57068
24351
57086
57088
57089
57093
57098
57099
57103
57116
57123
11439
24362
57176
57178
57191
57195
57220
57221
57228
57254
57256
57261
57262
57267
57270
57273
57274
57275
57276
38827
57279
57280
57281
57282
57283
57286
57288
57294
57299
57303
57304
57306
57308
57309
57311
57313
57314
57322
57323
57324
57331
57337
24410
57348
57349
57350
57351
57352
38849
57353
57354
57368
81070
81071
81068
81069
57377
57381
57389
57401
57405
57409
57432
57442
57451
57470
57474
36518
57480
57489
57493
57497
57499
57500
57501
57503
57504
57506
57507
57508
57509
57513
57514
57515
57516
57541
1549
11485
57574
57575
57595
24444
57598
57599
57645
24450
57664
11494
11495
57701
57702
11498
57709
57717
57736
57777
11507
57790
11508
11509
57816
57837
57838
57839
57840
57841
10047
57857
57861
57862
57863
57865
57872
57883
57888
11517
11520
38931
57934
57935
57936
57937
57938
57939
57940
57941
57942
11523
57963
57964
77163
77164
77165
77166
57974
57976
57980
58001
58002
58003
58012
11527
58019
58020
58021
58026
11528
58073
58085
58088
58097
24488
11536
58119
11538
58178
68105
58193
58212
58216
58217
58221
58235
11550
58244
58246
58247
11552
11553
58304
58305
58307
711
11556
11557
11559
58369
58378
67038
58417
58429
58431
58432
58442
58443
11569
58462
58467
58470
58476
11571
58493
58495
38993
58519
58520
58521
58527
58530
58531
38998
58540
24676
58561
58562
58575
58580
58582
58589
39005
58593
58594
24685
58602
58603
24686
11584
58615
58645
58656
11588
58696
11592
58721
58722
58723
58730
24744
58734
58738
58740
58742
58764
58795
58803
58808
58812
58815
58816
39026
58828
58829
58832
58833
58837
58838
58840
58843
24755
58854
58858
58864
24756
58891
58900
22555
24760
58931
58950
59006
59024
59035
59043
59044
59059
59085
59086
59087
59088
59089
59090
59091
24885
59098
59107
59111
59112
59113
59114
59115
59163
22558
59207
59208
59209
59210
11640
24899
59240
59241
59260
59266
59267
59276
68107
59323
59351
59353
59363
25039
25040
11663
59441
59467
59471
25052
11670
36537
59530
59534
59535
59549
11678
59612
59619
59620
59621
10065
59628
59644
59673
59680
59686
59687
59688
59689
59696
59697
59705
59718
59719
59720
59728
59730
59738
59739
59744
59755
59757
59761
59773
59777
25079
59790
59802
59806
25083
10066
59830
59850
59867
11704
59876
59888
59892
59898
59901
59902
59907
59919
25092
59922
59923
59924
25093
59952
59998
60000
60005
60008
60009
60016
60017
60018
60033
788
60051
11717
25105
60069
25109
60114
60131
60137
60144
36380
77496
77497
77498
77499
77505
77506
60153
60193
60195
60212
60213
60214
60215
60216
60217
60218
60219
60221
60224
60225
60226
60227
60228
60229
60231
60232
60233
60235
60284
60308
25133
60321
60323
122
60348
60349
60364
60367
60368
60369
60370
60371
60399
39176
60503
60527
60557
60565
11766
11767
60597
60617
520
60654
60665
11777
60680
60683
60704
60711
11781
60723
60724
60736
36547
60755
25174
60768
11785
60772
25175
60791
60797
60809
60813
60838
60840
25182
60848
25183
60855
60874
60882
25187
60899
25188
25189
60921
60926
60936
60943
60952
60953
11802
67975
60987
25283
61025
25293
25304
25305
61050
61051
61073
61082
61084
61090
11817
61131
61141
11820
61153
61173
61180
61211
61213
61215
61222
61238
61260
61261
61262
61263
61264
11831
11832
25331
61287
61290
25333
25335
77678
77679
77680
77681
11839
39267
25339
25341
39270
61394
61402
39272
61406
61411
61416
61438
11848
61475
61478
25349
61486
61499
61504
61505
61520
61521
61522
61523
61527
61534
61549
61565
25357
61570
61578
61596
25360
61601
61603
11864
61662
61664
61667
25369
61690
25374
61713
61742
61748
39311
21662
61769
61772
25387
25388
61806
25389
61819
61823
61830
61864
61869
61884
61903
61910
61911
11890
61913
61914
61915
61916
61917
61918
11891
39334
61924
61927
61928
68382
1555
61954
61961
61971
61974
61975
61977
61981
61982
61988
61989
39341
62011
62027
68379
21665
62057
62059
25416
62070
62072
62073
62084
62085
25421
62121
62127
62137
62140
62141
62142
62143
62144
62147
62150
62163
808
62170
62189
62190
62191
62197
62282
62283
62284
62287
62289
25447
39374
62301
62304
62305
10092
62311
25451
62329
62332
62335
62339
62351
62352
62357
62358
62361
62373
62374
62385
62392
62395
62398
10093
62416
62426
11941
36564
62471
62477
62479
67618
62480
62481
62482
62485
62489
62494
62495
62496
62497
25466
62503
62504
62505
62506
62507
62521
62523
62535
25470
62567
62568
11951
62572
62577
62578
62579
62580
62581
72636
72635
25474
62583
62584
62585
62586
62587
62592
62597
62627
62628
25476
62633
62649
25478
62650
62651
62652
62653
62654
62655
62656
10095
25479
36565
25480
25484
62711
62724
62725
62743
62781
25490
62800
62801
25497
62845
62846
62847
62848
62852
39422
62863
62878
62879
62898
62903
25506
39427
62923
62938
62953
62954
62955
62956
39434
62988
62991
25606
22591
63012
25609
63015
63016
63031
63032
25611
39439
25612
63054
63063
39442
63095
63106
63115
22592
63118
63119
63120
63131
63142
63144
63149
63151
63152
63158
63159
63160
25621
63161
63162
63163
63183
12000
63194
39453
25625
12004
76435
39455
25630
63270
63282
39460
63305
12013
63341
63365
63366
63367
63368
63378
39469
39470
39471
63436
25649
63456
63457
39476
63471
63483
63487
68381
63507
12033
63559
63560
63564
21678
63581
63587
12039
63600
39516
63628
63639
63643
63644
63649
63677
63680
63682
63689
22598
63705
63713
68179
25679
39525
39526
39527
825
63749
63757
63764
63769
63772
12055
63790
63801
63818
63819
63820
63821
63822
63823
63824
63825
63826
63827
63829
63830
63832
63833
63834
39537
63835
63838
63858
63862
63866
12061
63869
63874
63883
63887
63888
63896
63897
63898
63899
63900
63912
63913
63914
25747
63928
25748
39546
25749
81023
81024
81021
81022
63953
63956
63961
63969
63975
63977
63978
63979
63980
63981
64025
25847
64042
64053
25849
64060
64085
64100
64101
64102
64103
64117
12066
36578
64125
64127
64128
64135
64136
64145
64150
64154
64161
68365
64164
64167
64177
64187
64189
64199
64203
64206
25866
64211
25869
64236
64239
64250
12150
64261
64265
64268
64283
68146
64304
25875
64328
64338
64347
64366
64367
64368
64378
64399
64421
64424
39594
64436
25887
64441
80084
39595
12296
64461
64481
64484
64485
64486
64487
64488
64489
64490
64491
64492
64493
64494
22605
12299
12300
64512
64517
64521
64523
64524
64525
64526
64546
64552
64561
64564
64574
64576
64579
64588
64589
64620
64624
22606
64625
64626
64630
64632
64633
39611
64634
64635
64636
25903
64640
64641
64642
64644
64650
64652
64655
64656
64657
64658
64659
64660
64661
64662
64663
64664
64665
64666
64667
64668
64669
64670
64674
64675
64683
64685
64686
64688
64689
10114
64699
12315
64704
64724
64729
64730
64733
64737
12317
64738
64739
64740
64748
64750
68383
64796
64798
64799
64800
64801
64802
25914
64803
64804
64805
64808
64810
64811
64820
64837
64838
64861
64862
25917
64864
64911
64936
835
64941
64952
64961
64973
64975
64976
64997
65000
65012
25931
12339
65027
39642
25934
65052
65053
65054
65055
39645
65061
65076
65093
25942
65100
39649
65113
65123
12349
25948
65170
12353
65197
65207
65226
65269
65276
65279
65280
65284
65365
65389
21232
62761
12368
65419
39674
65458
65459
65460
65462
65474
25975
65503
12378
65519
65520
65521
65522
65523
65530
25979
65566
40087
65605
65606
65610
65611
40149
65612
65613
65614
65615
65616
65617
65618
65619
65620
65621
65622
65623
65624
25988
40159
25989
65660
65661
10124
64905
65724
65734
65735
65736
65737
65738
65758
65763
65776
65777
65778
65779
65780
65798
40174
21695
40175
40176
65830
65837
65840
40177
65841
65842
65843
65844
65845
65846
65847
65848
40178
65849
40179
40180
40181
12408
68563
65885
40182
40183
65933
40186
22617
65954
12413
40187
40188
40189
65985
40190
68390
65992
65993
40191
66000
12418
66001
66002
66003
66004
40192
40194
66020
844
66038
66045
26025
10126
66083
66084
66108
66109
66110
66112
66113
40200
66114
66115
66116
66118
66120
66121
66122
66124
66125
66126
66127
40202
26035
40203
66188
66192
66207
66222
12437
66264
40213
66289
77135
77136
77137
77138
66333
26053
66384
66385
66389
66393
66407
26056
66428
66453
77682
77683
77684
77685
66456
66458
66460
40226
66493
66494
40229
66551
66558
66577
79016
79017
79018
22621
40234
81038
81039
81037
66628
66631
77595
66663
77592
77593
77594
66678
66681
66684
40243
66797
40245
66862
66863
66864
66866
66868
12477
66877
66880
12478
66891
66900
12481
66915
66919
66920
66921
66922
66924
66925
66926
66927
66928
66929
66930
66931
66932
66933
66934
66935
66936
66937
66938
66939
66940
66941
66942
66943
66944
66945
66946
66947
66948
40258
67077
67079
67089
67098
67102
68285
67107
73367
67119
67120
67121
67122
67128
67149
67151
67152
67170
67172
67173
67186
67193
21705
40267
67218
67223
67226
67248
67251
67266
67267
67270
40274
67293
67294
67296
67312
67413
67422
26128
67433
67434
67447
67448
67452
67458
68380
67493
67515
67548
67562
67574
22627
67576
67577
67580
67581
40288
67584
67594
40295
67600
26140
67614
67617
67621
49
67626
67651
67657
67320
67728
67750
67813
67838
67940
70367
67008
12532
10140
70877
62990
76956
76957
76958
76959
76960
76961
69268
26160
70198
40319
70143
67171
68251
26164
10141
12542
67069
69669
69592
67519
70913
68369
70147
70391
40329
40330
67769
40331
40332
40333
68989
70309
70517
26194
70195
69465
70793
29084
70115
67161
67175
70777
67174
70329
64653
64735
65152
26204
66274
67150
67221
67520
22412
10144
67726
67767
67772
12571
12572
40354
67902
67903
67904
67905
67906
67907
67930
67931
67932
67933
67934
67935
67958
67959
68016
12575
68161
68450
68837
68854
40365
12582
68377
12591
12593
12594
69075
26231
69107
69108
26232
69120
69121
69128
26233
69180
69199
69220
26237
79052
69283
79049
79050
79051
69291
69292
69293
69294
69295
69296
40383
69337
69373
69443
40385
69562
67424
69637
69638
69716
69680
69559
69094
40391
40392
69531
68925
69264
69290
69734
69726
69735
69727
69728
69729
69730
69731
69732
69733
69488
69672
69744
69349
70857
69135
69478
69204
69547
69397
12627
12628
40415
69768
26264
65782
69856
69774
69639
69420
69767
11157
70088
70089
70087
70708
70608
66448
70615
40429
21234
70289
70286
70287
70288
70536
70565
79011
79012
79013
79014
70582
1379
26278
70522
70588
12647
77128
77129
77130
77131
69477
69502
69189
12652
69822
69671
70712
551
70710
70681
70651
26288
70745
69709
69674
69271
69270
69272
12662
26295
68386
70037
69984
69987
69986
69985
70898
69988
26300
70074
26301
69865
70144
26302
70145
70142
69248
70139
70937
70938
70939
26303
70481
26304
70140
70135
69751
26305
26306
70129
70137
26307
70626
70618
70627
70628
70629
70630
70631
70632
70619
70620
70622
70623
70624
70625
70098
40486
26308
70274
12677
26309
26310
70152
26311
70155
26312
69885
26313
69961
69300
22643
69764
69256
40513
40514
70165
70387
70388
69510
26323
70348
69358
70366
70043
70886
68751
26330
40522
69717
26332
70634
68910
76913
70158
68967
70320
70417
40530
40532
70052
26550
2107
2123
40536
70034
70173
12708
25494
70892
70890
70891
70888
70889
70893
70352
69815
69165
24126
23644
70847
70862
70312
70853
1535
70854
70855
69784
2132
2151
2104
12720
2048
2155
2128
2129
2130
2165
2164
2160
2161
2158
2157
2088
2087
2146
2154
2145
2180
2141
2138
2181
12724
70116
70358
2159
2178
36626
26672
2148
26675
70927
66018
67865
10160
2059
2058
2080
70226
40596
12737
70786
70776
70770
70819
70176
12741
70768
70772
70782
70802
70801
70771
12744
68969
26686
69603
69710
69605
70042
2183
70929
70928
70647
67169
67168
67167
67166
40624
68650
68651
68649
68648
68647
68646
68645
68644
68643
68642
68641
68640
68639
68638
68388
70250
70863
69714
70310
67155
67156
67164
67159
67158
67157
12754
12755
70806
70790
67163
70103
63256
40636
552
70975
69844
70983
70984
70988
64734
65923
64631
69644
70756
69909
68943
71234
71801
69656
70028
70027
12768
36630
68085
69914
12774
71911
69708
70398
76809
900011
71078
71079
71080
71040
71030
71031
71032
71033
71034
71035
71036
71037
71038
71039
27066
21733
68961
71045
70800
69795
71073
71074
36631
70799
70787
70773
70797
70774
70775
71044
70974
68378
67405
71101
40671
70959
71154
71150
71151
71152
71153
71175
70783
70803
77693
77691
77692
71137
71136
81058
81059
81056
81057
36632
70795
24118
71133
10155
12796
70445
70442
70443
70444
71132
69769
69770
69771
69772
69773
66516
66517
71324
67970
71327
69263
71144
70791
70788
70792
36633
70805
70789
70769
71025
71017
71018
71019
71020
71021
40687
71262
71191
71223
71204
71205
71206
71207
71208
71209
71210
71211
71212
71213
71214
71215
71216
71217
71218
71219
71220
71221
71222
71472
71468
71469
71470
71471
12806
71325
71121
71118
71119
71120
71107
71108
71109
71110
71111
71112
71113
71114
71115
71116
71407
36634
71347
26755
71358
71360
71366
12817
36635
71450
71448
71446
71449
71447
71451
71394
71390
12823
71414
71415
71416
12824
71630
71628
71629
71614
71586
71593
26773
71530
71572
71550
71519
71566
71560
71613
71520
71565
36637
71528
71590
71674
12837
71640
71668
71652
71690
71673
71681
71653
71676
40756
71644
71691
71643
40757
71678
71687
71658
71042
70859
71041
21740
70794
70781
70804
70926
71627
71777
71776
71773
71625
71624
71626
71799
71919
71915
71916
71917
71918
40766
27252
24049
71910
71903
71902
26796
12852
70887
69806
23657
24097
23658
23814
23789
23823
71818
12857
12858
71834
71844
71820
71805
71867
71813
71803
21741
71819
81011
81012
81009
81010
71708
40784
30053
71761
68392
72052
72087
72091
72088
72047
72048
72049
72050
72051
72086
71926
10849
18528
23649
40790
21900
23718
20513
73186
73954
73955
73956
73957
73958
73959
73960
73961
73962
73964
71925
72028
72027
72030
72029
72031
27063
70856
70251
23514
24116
61890
61891
61892
36390
61893
61894
61895
61896
58974
71914
71921
58975
58976
58977
58978
58746
58747
58748
58749
58750
58745
56956
58069
58153
58152
67721
67719
67110
63085
63071
62619
62610
62757
62822
62606
62608
62611
62614
62615
62616
62622
62745
62746
62753
62752
62754
69310
69308
69309
62755
62756
62758
62786
62613
62823
62618
62877
62759
63068
62749
63067
62742
62747
62607
62748
62750
63078
63069
63079
69647
69695
70807
63084
63073
62609
60003
62621
40810
72278
72290
72104
72101
72102
72103
62751
62937
63070
63072
63074
63075
63076
63077
63080
63081
63082
63083
63086
63087
63088
12895
40814
12897
40815
64723
64533
71971
71963
71972
71973
71964
71965
71966
71967
71968
71969
71970
72272
72273
40817
72274
644282
72053
71785
71784
63851
63847
63915
63604
63263
63298
66044
63846
12902
77134
72231
77092
77093
77094
77132
77133
12905
63853
63852
64004
63758
63760
63759
63845
63810
63850
63605
62620
40823
62623
63848
65240
65241
65239
77098
68627
77095
77096
77097
68628
68625
12908
69608
68626
57991
57992
57993
57995
57996
57997
72096
68384
70026
70022
70023
70024
70025
21747
69938
70796
79528
69524
69522
69523
892
72287
70860
70861
56648
56854
56649
56671
56650
61537
56960
58074
72183
72152
69330
69328
69329
72147
79552
12919
72210
72207
72208
72209
72372
68447
82402
70980
72356
72348
72357
72358
72359
72360
72361
72362
72363
72364
72365
72366
72349
72367
72350
72351
72352
72353
72354
72355
72396
72090
72089
12927
72463
72627
72510
72588
72602
72592
62223
68827
72492
72504
72503
72501
72502
72498
72500
72499
72508
72613
76575
73202
72693
72540
12938
72405
12939
73196
40888
73207
15263
72553
72545
72542
72543
71682
73176
72554
73169
73161
73170
73162
73163
73164
73165
73166
73167
73168
72637
72559
25126
33566
33567
34426
38728
28782
26668
25496
25385
25299
25294
25292
25286
69493
69481
69482
56739
56743
56741
56732
56730
56731
56729
56727
56728
56733
56740
56742
56734
63235
63254
63250
63255
58682
12949
59805
63252
68420
68419
64849
70486
62738
73000
12952
72737
26921
73036
40902
73019
73072
73015
313
72797
72833
40914
72755
72750
72751
72752
72753
72754
73021
26941
72782
12970
73052
72856
26946
72815
80873
80874
77118
77119
77120
77121
72768
72793
72776
72761
72760
73099
73206
72756
77203
77204
72757
72758
72759
77202
73205
74169
72767
40000
73075
73156
73033
72898
73137
72824
72822
72823
72744
72743
72745
72746
72747
73144
73034
72942
73020
73070
72711
72723
36662
72807
72832
26967
72879
72872
72876
26969
72699
72594
26973
55449
55447
55444
55446
55451
55448
55682
66031
66027
66028
66029
66030
66509
66499
66501
66502
66503
66504
66505
66506
66507
66508
64012
64582
26976
64583
18932
72649
73248
72672
29220
30642
28315
30072
30074
30075
30076
30077
38724
38718
38727
31670
45345
45348
45351
45352
45343
45344
45346
45347
45350
27799
27838
28204
13005
32036
33705
34571
34573
34572
1321
1301
33703
33704
34361
38719
40553
25301
15968
40963
40961
40962
29807
29805
38721
42587
42586
25495
27839
29731
35604
39517
39515
39596
40356
35605
40427
38972
51130
34391
35194
30773
39395
42588
25509
30494
30821
30822
66713
30493
30823
30824
30825
30826
13011
31907
38722
95
47849
25372
25676
47852
1296
21238
25498
28312
28311
25303
25302
25383
25390
25392
26670
26671
28309
28087
49196
1332
1319
25297
26669
1308
25391
1331
26968
25373
26637
40969
72678
72677
72679
13015
72645
54716
54731
67189
69435
25290
25406
25997
25298
25300
25511
26049
40971
26665
28091
72694
13018
28088
28086
28085
28084
25306
28310
25285
25291
69353
72572
72805
64603
21759
73325
73190
73251
68366
73147
64645
64643
64536
73187
72687
65826
27005
21760
73328
73327
73997
73995
25499
22677
25651
25652
28089
28316
28314
28313
25438
25436
25983
26655
26673
27364
27837
28725
21325
25386
25384
28092
25435
25434
25510
25106
26012
25104
26013
26633
26944
13774
28205
73200
25289
25288
25287
25295
26011
26144
26634
26666
77236
27739
80904
80905
77230
77232
77234
27011
77237
27740
77231
77233
77235
28783
25296
37211
37210
30127
30128
30129
30130
30131
30133
30132
39571
39597
38725
40293
40289
40290
40291
40292
43163
43164
38971
39020
25107
25284
29712
29720
31463
39593
39551
38723
38720
38995
33804
34387
34411
38981
42285
22418
29806
29803
29817
29809
29810
29811
29812
29813
29814
29815
29816
29808
33805
33810
36593
33256
33257
34625
40686
37344
38994
38973
50689
50690
50691
50692
35086
34969
22678
28723
35305
38726
39482
39483
39484
41811
40862
42273
42216
47989
47990
74521
73233
59537
59536
60795
61827
61826
60517
57985
58251
58401
58402
27030
57845
57848
58264
58403
58268
58477
68005
58348
56726
58294
56820
56819
59749
59750
56453
73257
73323
73324
73319
73320
73322
73321
56866
56867
56868
56860
61448
61443
61447
56526
56836
41010
69222
68568
58284
62018
57998
57999
56988
58266
58260
58263
27034
58261
58267
57847
57850
58686
57846
58991
58989
60516
58990
60514
60832
58922
58202
60834
59110
57851
60015
60733
561
73292
57852
57859
57858
57856
41014
57979
57981
58017
58018
58253
58254
60830
60223
60222
58265
62760
58282
56680
60831
60138
58921
41016
58196
56532
56533
58344
60515
58345
57989
41017
74013
74005
74014
74006
74007
74008
74010
74011
74012
73381
73391
73908
73904
73905
73906
73907
77699
77694
77695
77696
77697
77698
10195
73675
73853
73880
73537
73752
73750
73751
79678
73633
73498
73483
73513
27052
73666
73744
73645
73568
73541
73556
27056
73876
73618
73607
73608
73609
73610
73611
73612
73613
73614
73615
73616
73617
73887
73885
27060
73823
73529
27065
73511
73468
73765
68389
73621
73758
73757
73526
73715
73702
73703
73704
73705
73706
73707
73708
73709
73710
73711
73712
73713
73714
73539
27074
41043
73482
73500
73398
73867
73820
73890
73891
73753
73793
73791
73792
73301
73302
74384
73787
74385
74386
74387
73788
73789
73790
74300
74301
74302
74303
73499
81017
81020
81018
81019
73671
73631
69712
73313
73314
58675
59667
59666
60731
57984
56757
58300
58269
58283
58255
58765
60726
73495
60727
60729
60833
60732
57875
60730
60230
56968
58262
58405
58856
58857
58576
58920
58699
58687
73454
73446
73447
73448
73449
73450
73451
73452
73453
69466
16525
57982
57983
57853
57948
58249
60738
58151
58043
74184
74074
74072
74073
74020
74017
74018
74019
74430
73977
13119
74058
60520
58986
60837
58252
60519
60522
60521
59860
60518
60372
57986
58015
58016
60512
58258
58198
58197
58673
58105
58170
69464
69463
69462
58042
57476
58044
22045
74064
74063
74065
74067
74066
74028
74027
65905
73354
41085
73412
73431
41091
74356
41092
74299
69694
73894
73916
73917
73918
73919
73920
73921
73922
73923
73924
73925
73926
73927
73928
73929
73930
73931
73932
73933
73934
73935
73936
73937
73939
73940
73941
73942
73944
73943
73945
73946
73963
74435
74350
74348
74349
74479
74379
74439
74480
41102
74026
73272
74104
74099
74100
74101
74102
74103
74442
74436
74408
74404
76708
76700
76709
76701
76702
76703
76704
76705
76706
76707
74234
75207
75206
65904
74382
74376
73438
74084
74163
74114
74162
74304
74113
27135
73989
74165
27136
74173
27138
75175
74190
69211
74959
74920
27145
74765
75118
75116
75117
74582
74577
74578
74579
74580
74581
66119
75035
74771
74588
74585
74586
74587
74573
74562
74567
74568
74569
74570
74571
74572
74563
74564
74565
74566
74661
74658
74660
74657
75095
75094
74637
74630
74631
74632
74633
74634
74635
74636
75099
75096
75097
75098
74798
74796
74797
74680
75087
75084
75085
75086
74872
75015
75031
565
74865
10207
74770
75120
75051
75050
74795
74627
74691
74879
74755
74645
22691
74777
74609
74605
74606
74607
74608
74914
74850
74936
74909
74991
74906
74848
41154
74984
21240
74804
74802
74803
74696
74693
74694
74695
74653
74646
74647
74648
74649
74650
74651
74652
73420
74790
74781
74782
74783
74784
74785
74786
74787
74788
74789
74816
74812
74813
74814
74815
74820
14069
27189
75134
75133
75299
75153
74344
21777
75181
75011
69691
74309
75170
75204
75203
75300
74536
70021
74406
74381
74380
78769
78770
78771
74354
74355
74352
74600
74368
74367
79323
74171
74365
74366
74552
74460
74445
74446
74447
74448
74449
74450
74451
74452
74453
74454
74455
74456
74457
74458
74459
74383
13215
74409
74428
74330
73805
74236
13221
75276
75268
75277
75269
75270
75271
75272
75273
75274
75275
83249
75127
75671
75672
75670
75669
75673
73463
75333
75332
75331
75334
74558
62913
74766
75068
75137
10213
74742
74912
75238
75240
75241
41194
75400
75480
75476
75477
75478
75479
1466
75164
75259
10129
23692
75236
75177
73310
13242
70843
27234
13244
27235
14601
20815
69257
61798
47717
47718
25315
36703
23953
23948
23958
23959
23960
23954
23957
41247
23961
23955
23949
23950
23951
23956
23952
24158
24159
24160
24157
24142
24143
24144
24145
41249
27955
24148
24150
24149
24155
24156
24151
24152
24153
24154
126
24141
24146
70746
70749
70748
70747
70750
70751
75688
75685
75683
75684
27264
59967
59968
59969
59970
59971
59972
59973
59974
59975
59976
59977
59978
59979
59980
59981
59982
59983
59984
59985
59986
59987
59988
59989
59990
59991
59992
59993
59994
59995
59996
59997
13263
27258
41323
27262
27233
20802
70253
20498
27265
24352
24059
27062
28011
24736
23652
23740
23971
13269
27266
26118
51879
23856
36352
24113
10070
23805
23479
61464
64121
69252
27982
24085
13791
26329
28771
13272
24122
26046
23804
24128
26296
24136
24135
16763
13273
24137
24133
24131
24132
41331
46669
51053
13274
23799
24140
69230
69231
23646
69232
69233
69234
69235
69236
69237
27067
26028
27071
46569
26119
40185
15725
63787
35726
52232
20287
26037
23865
32715
18931
26120
26121
23739
20800
23746
616
23803
25860
23774
24139
24138
24130
23738
26123
14987
24134
75218
27257
23855
23238
23551
26084
30054
75309
75305
75306
75307
75308
76173
75401
75409
75366
75374
75371
74185
75580
75435
75430
75431
75432
75433
75434
21241
75576
75289
80886
80887
81066
81067
81064
81065
75581
75360
41349
75495
75429
75427
75428
75491
75532
75528
75529
75530
75531
75914
75437
75436
76807
75556
76309
75956
75977
75969
75919
27296
13297
75947
75982
75628
75492
75658
75378
13302
27302
75637
13304
75981
75945
75589
75540
75564
75657
75466
75467
75468
75723
27311
13311
75482
75485
76325
76324
75854
76004
62734
75446
75736
75816
75880
75757
75461
13323
75806
75836
13325
75817
75893
75860
62735
75805
75782
75457
75759
75841
75847
75846
75864
75700
75178
27708
75176
13334
75825
27710
62737
76042
67732
41461
77614
77615
77616
77617
76154
13340
76108
76107
13341
76124
41464
27717
76085
64482
13347
76833
76176
76175
75711
76240
76238
76537
76533
76534
76535
76536
75695
76279
76294
79484
76281
79485
76280
76293
76275
27725
76296
27726
75694
76329
76169
76190
77259
76189
76376
77127
76501
77122
77123
77124
77125
77126
76225
76398
76820
77035
77036
77037
77038
77245
27731
76441
75281
75367
75368
75369
75370
75417
63860
63859
65898
66078
75668
75667
75666
75665
75664
75663
75697
75686
76500
76495
77252
27737
76532
76531
75706
75716
75715
75712
75705
75713
75710
75709
75707
75708
75714
75719
76310
76477
76473
76474
76475
76476
 E76
75226
76529
76432
935
76523
76183
72303
27746
27766
13819
13374
27795
10561
10564
55071
55072
10283
10282
21081
21082
27796
76406
13818
27797
23741
27798
13820
41498
14546
9546
76188
75985
76242
76370
76371
76373
76239
76241
63167
63168
63169
63164
63170
63166
63165
64293
67017
67125
66837
64846
76292
1572
76147
76139
76140
76141
76142
76143
76144
76145
76146
75488
62556
76396
41509
13390
76488
76418
76354
76355
76202
42648
44242
40409
42649
42646
76326
40410
40405
40406
40407
40404
42199
40408
40402
41513
42200
42198
44361
42645
41514
76546
41515
76399
41516
73377
54886
67183
55455
55459
55460
8875
63849
66101
66100
41517
64965
64964
64966
68680
62555
41518
75781
41519
76347
76377
41520
76378
76384
41521
76194
76195
76196
41522
76412
13404
76394
76395
41523
82403
41524
64790
41525
41526
8874
65785
65854
65783
65796
65797
65853
67414
64842
70822
72686
60794
61076
61538
61539
62164
62168
62166
62167
41527
62165
62169
70848
50889
61715
60728
68489
68491
68493
41528
68495
68497
68499
68501
68503
68505
68507
68509
41529
68512
68511
76401
41530
76872
41531
60334
60335
60333
41532
77089
76457
76455
76456
55688
57860
57849
75198
75197
75196
68515
68517
68519
68521
68523
68525
68529
41533
68527
68531
68451
68449
68453
68455
68457
68459
41534
68461
68463
68465
68469
68467
68471
68473
68475
41535
68477
68479
68481
68483
68485
68487
68533
68535
68539
68541
68543
68545
68547
68549
68552
68551
68555
68557
41536
68559
64850
72631
72628
72629
72630
66034
74525
74526
74528
74527
41537
74529
27887
74530
74531
74534
74532
74533
74524
74523
41538
68630
68631
51520
70844
70845
70846
72398
55814
55815
41539
55818
55817
55813
55819
55816
55812
61074
61071
41540
61072
41541
76267
76578
76548
76547
76973
76576
76580
76581
76582
76583
76695
76882
41647
76877
41648
76520
76509
76519
76511
76513
76515
76517
76510
76512
76514
76516
76518
76521
76553
41649
17364
16606
76751
41650
76750
76749
27896
41651
41652
41653
76555
76658
76655
76656
76657
76654
76649
76650
76651
76652
76653
76911
76906
76907
76908
76909
76910
41654
41656
77177
76825
76823
76824
10234
66026
66099
66213
66214
66215
64845
41657
69427
69428
69429
69449
68679
68440
70958
65986
66032
66033
76638
80879
80880
76635
76636
76637
76648
76643
76644
76645
76646
76647
76628
80894
80895
76625
76626
76627
80877
80878
80897
76673
76674
76675
76676
76677
76678
76602
76597
76598
76599
76600
76601
76642
76639
76640
76641
41658
76608
76603
76604
76605
76606
76607
76618
80892
80893
76615
76616
76617
76592
76591
76614
80890
80891
76609
76610
76611
76612
76613
76590
80888
80889
76587
76588
76589
76670
76665
76666
76667
76668
76669
76690
80881
80882
76685
76686
76687
76688
76689
76624
76619
76621
76622
76623
41659
76634
80871
80872
76629
76630
76631
76632
76633
76684
76679
76680
76681
76682
76683
76664
76659
76660
76661
76662
76663
76672
81035
81036
76671
41660
76596
76593
76594
76595
41661
76808
76579
41662
58
41663
76586
76543
41664
77263
77264
67039
77292
41665
79053
76839
77002
76755
76753
76754
75326
76905
41666
75927
76994
65251
65255
65254
65250
65249
65264
65262
65260
65258
65256
65243
65589
65581
65590
65582
65583
65584
65585
65586
65587
65588
41667
64848
68416
69450
53553
53552
64002
64003
67188
67187
41668
67400
67720
64840
54517
24764
24765
24767
24776
41669
24779
68371
64841
70238
70636
70637
70638
70640
70639
41670
55558
67868
67869
56306
56309
56305
56310
56308
41671
56311
56336
56375
56756
58313
58310
58312
58311
41672
58309
58031
58032
58033
58034
58035
58037
60019
41673
70963
76834
76914
33606
2696
64573
64673
64572
67372
41674
21801
67373
70930
72578
72579
64373
76759
76756
76757
76758
41675
76794
76789
76790
76791
76792
76793
76800
76795
76796
76797
76798
76799
956
76804
76801
76802
76803
64998
64999
65001
65064
65873
76841
41676
78157
76788
41677
77091
79679
77087
77023
77024
41678
77022
77031
77032
77030
77025
77028
77026
77029
77027
77020
77017
77019
77018
41679
76861
76858
76859
76860
76871
76829
76868
76869
76870
76857
76828
41680
77176
76856
77210
77211
77212
77175
77456
76862
76863
76864
76865
76866
76867
77451
77452
77453
77454
77455
76850
76845
76846
76847
76848
76849
76844
76855
76851
76852
76853
76854
76776
76767
76768
76769
76770
76771
76772
76773
76774
76775
77034
76923
76924
27960
41681
76925
76926
76927
76902
76893
76895
76897
76899
76901
76894
76896
76898
76900
41682
76835
41683
41684
77184
77182
41685
77198
77195
77196
41686
13464
76761
27966
41687
41688
75320
76932
76933
41689
77143
41690
78821
78819
78820
78836
78834
78835
78815
78813
78814
78848
78846
78847
78851
78849
78850
78842
78840
78841
78830
78828
78829
41691
78845
78843
78844
78818
78816
78817
78839
78837
78838
78833
78831
78832
77012
77014
77010
77016
41692
21243
41693
80123
80122
77291
77293
77286
77294
77287
77288
77289
77295
77296
77290
77275
76951
77560
77547
77548
77549
77550
77551
77552
77553
77239
41694
77627
77624
77625
77626
77258
77257
41695
77059
77058
77049
77045
77046
77047
77048
77071
77068
77069
77070
77080
80900
80901
77077
77078
77079
77067
80867
80868
77064
77065
77066
41696
77063
77062
77061
77060
77084
80865
80866
77081
77082
77083
77043
80869
80870
77040
77041
77042
77076
77072
77073
77074
77075
77051
77050
77055
80898
80899
77052
77053
77054
77057
77056
76967
76962
76963
76964
76965
76966
77004
77785
41697
77725
41698
41699
41700
41701
41702
78148
77856
41703
13481
41704
41705
77744
77712
77708
77709
77710
77711
41706
77793
41707
77102
41708
77781
41709
41710
41719
68368
27995
77866
77852
22422
13492
78900
78013
27999
77961
21805
41728
68376
77915
77707
77705
77706
41732
41784
81016
81013
81014
81015
77967
41786
21806
77960
78061
78077
78147
68385
78094
78060
78056
78057
78058
78059
78612
78034
78033
2000
3000
28025
28026
78074
41801
77658
77654
77655
77656
77657
68372
13519
41802
78648
77117
77112
77113
77114
77115
77116
77162
77157
77158
77159
77160
77161
77174
77167
77169
77171
77173
77168
77170
77172
77199
78688
21808
13522
78699
77719
77717
77718
78732
78665
78390
78387
13524
78733
68387
77568
13529
78643
78577
78573
78574
78575
78576
21809
78655
78654
78560
78741
41848
28044
78572
78567
78568
78569
78570
78571
77670
78239
80175
78206
78202
78203
78204
78205
68367
965
78442
76953
78433
78440
78346
78285
41880
78347
78345
78455
78457
78456
78354
78353
78283
78305
77223
77218
77219
77220
77221
77222
77229
77224
77225
77226
77227
77228
21811
77217
80902
80903
77213
77214
77215
77216
78420
78291
78340
78339
78446
78435
78289
78275
78332
78328
78329
78330
78331
78304
77634
77632
77631
77633
77630
78982
77704
28064
77811
77813
77546
77273
78385
77285
77281
77282
77283
77284
77302
77276
77277
77278
77279
77280
77297
77298
77299
77300
77301
77642
77638
77639
77640
77641
77804
77802
77803
77999
78001
77809
78003
77815
81062
81063
81060
81061
77391
77314
77392
21812
77315
77316
77317
77318
77319
77320
77321
77322
77323
77324
77325
77512
80910
80911
77507
77508
77509
77510
77511
77518
80912
80913
77513
77514
77515
77516
77517
77524
80914
80915
77519
77520
77521
77522
77523
77530
77525
77526
77527
77528
77529
77435
77434
77450
80906
80907
77445
77446
77447
77448
77449
77462
77457
77458
77459
77460
77461
77587
77463
77583
77584
77585
77586
77469
80883
80884
77464
77465
77466
77467
77468
77473
77470
77471
77472
77477
80908
80909
77474
77475
77476
77483
77478
77479
77480
77481
77482
77489
77484
77485
77486
77487
77488
77495
80875
80876
77490
77491
77492
77493
77494
77540
77537
77538
77539
77544
77541
77542
77543
77386
77381
78448
78449
78314
78792
78790
78791
78810
78808
78812
75202
77503
77500
77501
77502
77600
77504
77596
77597
77598
77599
77613
77610
77611
77612
66181
77303
42139
76952
28082
77689
77686
77687
77688
77417
79339
78241
77677
77674
77675
77676
79965
77536
77531
77532
77533
77534
77535
36800
78467
79713
28095
77807
78004
78396
78409
78410
78399
78400
78401
78402
78397
78398
78415
78416
79109
79110
78411
78412
79105
79106
78413
78414
78417
78418
78403
78404
13576
78406
78407
78408
78405
78011
78012
78008
78007
78006
78005
77995
21813
77994
78193
80885
78190
78191
78192
78258
78255
78256
78257
78262
78259
78260
78261
78254
78250
78251
78252
78253
78249
78242
78243
78244
78245
78246
78247
78248
77808
68391
78949
78471
78473
78472
78470
78469
78479
78476
78475
78485
78484
78482
78481
78491
78490
78488
78487
78497
78496
78494
78493
78500
78499
78503
78502
78519
78521
78520
78518
78517
78526
78523
78509
78508
78506
78505
78515
78514
78512
78511
78533
78532
78530
78529
78543
78544
78547
78549
78550
78553
42193
78536
78535
78370
78367
78368
78369
78378
78375
78376
78377
78384
80987
80918
78371
78372
78373
78374
80009
79077
78363
78364
78365
78366
79994
79955
78798
78788
78787
42196
78753
78755
78752
78754
78756
78748
78749
78750
78763
78764
78765
78760
78761
78762
78757
78758
78759
78766
78767
78768
21814
42197
78622
78621
78620
78630
78629
78627
78623
78624
78625
78626
77545
78802
42202
78804
78824
78822
78823
78827
78825
78826
80715
78795
78796
78794
78793
78746
78747
78745
78744
80840
78970
78972
78973
78977
78975
78980
78968
79495
79494
79493
78852
79064
79065
79043
79559
79729
78958
28116
78955
78957
78956
77622
76945
78990
21815
78991
78987
78983
78985
78986
78984
78979
78976
78978
78974
79463
36945
79122
78994
79023
79015
79010
79005
79007
3807
79006
79042
77355
79008
79041
79224
42219
79209
42220
42221
79359
79439
79355
79367
79296
81050
81051
81048
81049
79256
79286
21817
79307
37159
79412
79045
28142
79372
79375
67881
13618
28144
79048
69347
79267
42244
13619
79408
79406
79407
36398
42246
79054
79071
79069
79070
79092
79083
79075
79074
79088
79143
79756
79145
79481
79498
79500
79345
79100
79093
79099
79094
79095
79063
79090
79097
79319
28154
79347
12646
79108
79107
79104
79101
79103
79102
79112
79111
62561
79144
79137
78799
79126
79125
75718
79327
79482
79738
79342
10254
79341
79340
80010
79561
79675
79113
77360
79140
79139
79312
79530
79532
79533
79551
79518
79992
79629
79630
79314
79313
64542
79510
81054
81055
81052
81053
79464
79462
79468
79549
79692
77739
64944
79813
79812
79814
79961
79539
80026
80025
80692
79330
79329
79328
79553
79554
79545
79544
79044
79470
79514
79598
78801
79570
800001
900000
79710
79711
79349
79350
79632
81042
81043
81040
81041
79177
78947
79681
79683
79680
79966
79960
79980
79682
79989
79981
79983
79982
79977
79991
79985
79970
79975
79973
79974
79990
79988
79978
79976
79984
79969
79986
79987
79779
23512
79853
79721
79691
79160
79719
79726
79724
79780
79725
79696
79712
79808
28197
79755
79753
79770
79601
79737
79754
79793
79782
79783
79784
79785
79786
79787
79788
79789
79790
79791
79792
79798
79797
79968
79795
79967
79796
80111
79764
79765
79766
79767
79768
79762
79763
79571
70372
79811
79799
79997
80159
28214
80129
79760
80130
80131
80133
80132
80128
80127
79840
79837
79838
79839
79844
79841
79842
79843
79848
79845
79846
79847
79852
79849
79850
79851
79863
79860
79861
79862
79824
79821
79822
79831
79825
79826
79827
79828
79829
79830
79835
79832
79833
79834
79867
79864
79865
79866
79872
79868
79869
79870
79871
79879
79873
79874
79875
79876
79877
79878
79886
79880
79881
79882
79883
79884
79885
79893
79887
79888
79889
79890
79891
79892
80074
79900
79894
79895
79896
79898
79899
79907
79901
79902
79903
79904
79905
79906
79914
79908
79909
79910
79911
79912
79913
79917
79915
79916
79919
79918
79926
79920
79921
79922
79923
79924
79925
79933
79927
79928
79929
79930
79931
79932
79935
79934
79937
81029
81030
79936
79939
79938
79940
80744
79947
79941
79942
79943
79944
79945
79946
79954
79948
79949
79950
79951
79952
79953
79998
80023
80076
80077
81415
80115
79794
80021
80024
79836
79805
80048
80087
80088
80086
80092
80090
80116
80063
42404
80082
80221
80080
79816
80066
80067
80068
80069
80070
80071
80696
80125
80073
80072
80698
79972
79971
80043
80789
80788
28226
42409
13684
80469
80478
80301
80298
80299
80300
80462
80258
80255
80256
80257
42428
80246
80463
80229
80225
80226
80227
80228
80464
67922
80307
80251
42435
80292
80289
80290
80291
80421
80419
80420
80262
80422
28289
28290
80488
80408
80407
28291
80445
80058
80060
80062
80093
80094
80564
80590
80548
80511
80543
80542
80600
80535
80768
80105
80104
80103
80102
80610
80618
67924
80533
80623
80524
80120
80161
80160
80644
80643
28307
80663
28308
80549
80652
80656
80053
80054
80050
80055
80056
80052
80625
80624
42516
80306
80302
80303
80304
80305
80785
81490
81491
81486
81487
81492
81488
81489
80786
80101
80177
78779
80189
80190
80191
80197
80198
80199
80181
80182
80183
80193
80194
80195
80222
80185
80200
80201
80202
80203
80205
80206
80207
80729
80773
80732
80728
80730
81143
80700
80701
80702
80734
81165
80726
80694
80693
80776
80777
80710
80716
80712
80720
80709
80797
80722
80723
80724
81170
81512
80779
80780
81161
80964
80826
80825
80824
80762
80791
28343
28344
80209
28345
80821
81197
80963
81139
80995
80800
80739
80837
80839
80941
80942
80940
80932
80933
80931
80929
80930
80928
80926
80927
80925
80919
80921
80920
80923
80924
80922
80937
80939
80938
80935
80936
80934
80981
80978
80980
80979
80855
80844
80852
80859
80957
80974
80968
80969
80970
80971
80972
80973
81163
81008
81262
81147
81144
81145
81146
81158
81589
81237
80961
81118
81114
81115
81116
81117
10266
80954
80951
80952
80953
81045
81046
81047
81044
81026
81027
81028
81025
81032
81033
81034
81031
81073
81072
81080
81081
81077
81079
81078
81137
81138
81136
81094
81098
81106
81110
81211
81193
82496
81240
81185
81248
81246
81242
82498
81239
81244
81250
68299
13755
81285
81286
81287
81288
81289
81252
81189
81188
81191
81122
81186
81243
81187
13758
81194
987
81174
81175
81140
81173
81180
81361
81291
81293
81254
81292
81260
81327
81296
81298
81297
81299
81277
81276
28480
81341
81256
81257
81258
81259
81269
81294
81275
81231
81273
13766
80019
81452
81453
81460
81461
81462
81454
83019
81692
81725
81436
81451
81229
81225
81226
81227
81228
10268
81447
81442
81443
81444
81445
81446
81388
81384
81385
81387
81386
81396
81393
81406
81411
81412
81413
81416
13788
81535
81582
81390
81435
81434
81578
28495
13792
36399
81580
90010
81534
81630
81581
81529
42574
81481
81480
81587
42576
81468
22879
81470
81469
82053
81791
28542
81745
81831
81824
81811
13803
81503
62836
81748
81751
81731
81790
81828
81796
81773
81769
81793
82137
42597
13826
82126
42598
82092
82144
42600
62835
82075
42603
81880
81923
81898
81852
81932
77006
68418
81985
42613
82046
81870
81958
81864
81818
42617
13844
42618
81992
13845
28653
82045
42621
82010
81549
82005
81954
82015
37188
79022
79019
79020
79021
82132
82379
81585
82372
82373
81609
82421
81611
81596
13855
82370
82493
82490
82491
83209
83210
82390
82456
82451
28664
82455
82457
82448
82454
82452
82489
82449
82450
82447
82453
82440
82332
82358
82359
82346
82323
81599
81612
81209
81616
81615
82324
82325
81618
81605
42635
81601
81603
81602
81604
81656
81623
81625
82336
42637
28672
28673
28674
77604
77601
77602
77603
81666
81619
28675
28676
10046
13870
28677
42643
82289
82290
82339
82340
82335
82185
82183
82184
82188
82186
82187
82179
81976
82178
82161
82159
82160
82182
82180
82181
82254
82252
82253
82216
82214
82215
81975
81973
81974
78382
82153
82154
82192
82191
82190
82189
81967
81969
82163
82162
82384
82194
42657
82195
82196
82193
81752
82331
36400
81797
81798
82260
28693
82076
82277
82278
82286
81986
81987
82308
10278
82327
82343
82341
82353
82354
82356
82355
82352
82385
82387
82386
82376
28708
82368
82399
82398
82408
82409
82428
82425
82431
82434
82433
82432
82430
82416
13896
82415
82418
42674
82924
83034
82413
82444
83035
83014
83036
 E92
82458
 E30
82521
82522
82502
82518
82484
82483
82482
82481
82500
82524
82523
82530
82526
82528
82527
82529
28716
83255
83256
83254
83055
83219
83048
83047
83050
82831
83216
83218
83053
 E25
83217
82532
83038
83051
83021
83037
83123
83015
82573
82819
42688
82810
42690
82750
42691
82801
82757
82745
82791
82784
84283
82826
82907
82823
82884
82844
82870
82916
82563
42727
28784
82715
42728
82871
28785
42729
28786
82860
82994
83009
82961
82938
82697
82648
82683
21248
13938
82732
82692
82696
28817
79718
79758
82569
82592
13950
82828
82829
13952
28823
82567
28825
82827
83026
83025
83043
74132
74115
74116
74117
74118
74119
74120
74121
74122
74123
74124
74125
74126
74127
74128
74129
74130
74131
83060
83099
83102
83103
83095
83097
83101
83105
83067
83069
83212
83148
83145
83116
83072
83248
83247
83077
83084
83081
83079
83078
83080
83082
83075
83076
83127
83128
83168
83135
83125
28973
83124
83140
82436
83121
36401
29092
83154
83205
83223
83174
83172
83171
83170
83176
83177
83239
83203
83204
83158
71182
83482
83164
83166
83167
83257
83208
83220
83246
83277
83274
83275
83181
83180
83182
83183
83184
83185
83186
83187
83211
29730
29100
83443
13975
83265
83264
83269
83268
78010
78009
13976
83461
83422
83371
83370
83330
83301
83315
83317
83314
83316
83312
83313
83344
83346
83348
83343
83345
83347
84169
84170
84168
83300
83297
83298
83299
83376
83377
84171
83378
83379
84182
83383
84172
83384
83303
83302
83380
83381
83382
83375
83386
83385
83304
83305
84173
83308
83309
83306
83307
83388
83387
83372
83311
83310
29119
83390
83389
83322
83373
83318
83320
83392
83391
83321
83323
83319
83326
83328
83324
84174
83325
67035
83394
83393
83327
83329
83332
83331
84175
83337
83336
83333
83335
84177
83334
83341
83342
83338
83340
84176
83339
83351
83374
83349
83350
83404
83395
83354
83355
83352
83353
83397
83396
84179
83356
84178
83359
83361
83357
83358
83399
83398
83360
83362
84180
83365
83366
83363
83364
83401
83400
83367
83369
84181
83368
83403
83402
83424
84206
84183
84213
84238
83428
83433
83284
83465
83464
83490
83489
83488
83493
83492
83485
83484
83486
14001
83487
83491
83483
83451
42804
83286
83504
42805
83574
83567
84279
84163
29142
83533
14011
84149
42814
84204
83623
83637
84362
42815
83639
83617
84251
83621
83625
83635
84203
83585
14015
14016
83612
83614
83627
83626
83613
42821
84369
84411
83600
83598
74170
71253
14022
29160
71008
70820
64725
83633
83630
83631
83632
84152
14025
83939
21249
29165
83952
83661
83650
83947
83941
83907
10294
14032
83875
83818
29175
83845
83928
83819
83954
14039
83803
29178
83807
83935
83704
83782
83976
83911
83721
83879
83998
83867
83991
29192
42854
83739
14051
29194
84020
22429
83923
42857
83772
84047
83706
83763
84013
29198
29199
84025
84023
84027
14056
29200
14057
83699
29201
83771
83700
83703
29202
29203
29204
29205
14063
84055
83979
29206
84065
84038
84041
84121
29207
84129
84115
67845
84133
84031
37213
84068
84099
84140
84024
84077
84072
84432
84370
42878
84360
84335
84334
84333
84332
84674
14076
84315
42879
84285
84287
42880
84239
84240
84241
42881
84242
84243
84244
84245
84246
84247
84248
84249
42883
84207
84208
84209
84210
84211
84212
84189
84192
84188
84187
29222
84186
84185
84184
84191
84190
84195
84197
84196
84202
84194
84193
84198
84199
84200
84201
84436
84528
84291
84316
14083
84317
84318
84298
84538
84434
84438
84437
84393
84368
84431
84347
84409
84410
84343
84341
84412
84348
84344
84353
84337
84346
68427
84354
84351
84367
84345
84350
84356
84357
84359
84378
84379
84373
29231
14087
84374
84371
84387
84385
84386
84375
84384
84388
84376
84381
84377
84383
84365
84401
84402
84403
84404
84542
84543
84544
14089
84545
84546
84547
84548
84549
84550
84551
84552
84553
84531
84539
29234
84413
84380
84382
84372
83912
84439
84330
84327
84536
84364
84422
62843
84521
84524
42926
84527
42927
84471
84472
84473
84501
29241
84485
42928
84490
84484
84498
84500
84495
14097
42929
84486
84504
84489
84502
84503
42930
84514
84507
84505
84509
84506
42931
84517
84513
84518
84520
84510
84512
84691
84696
84680
84682
84685
84687
84686
1583
84475
84476
84474
84477
84478
84483
84480
42932
84482
84481
84692
84693
84697
84698
42933
84679
84695
84678
83662
83663
84533
84677
84675
84711
84461
42937
14106
42940
14110
84570
84569
84603
64483
42946
84670
42947
84662
84624
84629
84794
84714
84717
84234
84235
84216
84229
84230
84231
84217
84233
84214
84232
84218
84236
84237
84219
84220
84221
84222
84223
84225
84228
84227
84215
84224
84226
73974
84731
84733
36402
84759
84757
84772
84778
68101
84792
84788
84786
84780
84784
84744
84779
84789
84781
84770
84791
84790
14127
84729
84737
84738
84767
14133
14151
14161
67974
14173
14178
14180
14211
14219
14227
14231
14238
68134
14250
14264
29289
14286
14294
14295
14296
14301
67056
14314
14316
67848
42983
14344
14352
21868
14381
42987
14387
14390
14404
67867
14418
14427
14428
14441
14442
14461
14464
14467
37223
14496
14519
14532
14551
29694
14559
14560
29695
14570
14576
14577
14578
14581
14594
14596
14598
14603
14615
43166
14621
14628
68678
14632
14641
14646
14653
14654
64497
14655
14657
14660
14661
14667
14683
14692
29708
29709
14716
29710
29711
14741
29713
66405
14760
14764
68130
14776
14782
14792
14798
14799
43186
43187
14820
43188
68000
43189
43190
29724
68205
14861
14905
14909
14921
14932
29732
43469
36403
14964
14965
14971
15015
15019
80
15035
15042
15051
15052
15053
15061
15062
15070
15077
15081
15084
43659
15098
68594
15135
15140
43665
15147
15152
43666
15154
15160
29756
43681
15174
43682
15178
67020
15182
43684
15220
43688
29765
15274
15283
15314
15327
15333
15334
29772
15347
15361
37230
43716
15380
43717
68201
43718
15400
43719
68733
15412
68717
15415
43720
15417
43721
43722
43723
43724
29790
15473
15481
15482
67194
15501
15517
68756
43731
29796
29797
15558
43774
15582
68740
15591
15592
68106
15600
29818
15613
15614
15618
15659
15673
15706
15741
15742
15760
36404
15771
15774
29836
15787
15809
15830
43856
15852
15856
68749
15878
15888
15889
43861
15903
15916
29854
15941
15942
43865
15948
15958
15981
15982
15987
68332
43872
68753
43873
16039
16051
16061
43877
16086
67747
43885
30046
43888
16179
43890
16204
43893
12282
21885
16222
16225
43898
43900
16272
16275
16276
16277
16278
16279
16280
16289
16293
16300
16303
16304
16305
43904
16317
16318
16324
16325
16326
16329
30071
16351
30073
68128
16371
16374
16379
16401
16402
68446
30085
16433
16435
16436
16445
30088
16461
43922
16485
30092
68755
16523
16526
16530
16535
16536
16545
64550
16574
16580
36405
16617
16638
30102
68809
16658
16659
30106
30107
37244
16709
16729
16737
16738
16746
16760
16769
43951
43952
43953
30123
68814
43954
43955
43956
16873
30135
16885
16893
16896
16928
16943
18435
18439
21892
18461
18468
18481
18498
18521
43974
107
43975
18554
18620
18923
18930
30169
30170
18993
18998
30171
19008
30172
30173
30174
21895
30175
68184
30176
19136
37249
30177
19187
19188
30178
19320
30179
19338
30180
19381
10335
19407
44006
19411
30187
152
30189
153
154
19474
19475
19477
155
19480
19483
156
19502
19504
19505
19506
19507
19508
157
36406
37251
158
159
160
19541
19542
19573
19580
19588
19591
19595
165
19620
19621
19632
169
30204
113
20148
20149
20151
20155
20161
20163
20165
37253
68182
21901
68178
20279
20281
20286
20290
68180
182
20349
20362
20447
20456
20459
37255
30228
20482
20484
20504
20507
20514
20515
20522
20523
20524
20525
20526
20527
200
1059
20547
10340
20569
44059
44060
20622
20663
20670
44074
20673
117
20682
20684
20699
20718
20719
44079
44081
20743
44083
62736
20771
20784
20794
20803
30261
44089
20821
30263
20832
20844
20859
20874
20875
66117
21027
21028
21031
21039
257
36407
21087
21111
21112
44106
21116
44110
44114
21165
21195
21201
1065
21911
30319
1068
30355
30358
30361
30372
30374
30376
30379
30382
30410
37262
30420
30421
30422
1078
30439
30449
30460
44136
30469
44137
30490
37263
30503
21933
30515
333
30537
30544
30545
30551
30581
30645
30704
30737
30741
30752
30754
30758
30766
30768
30770
30772
30774
30775
30776
30778
335
22058
31017
31024
31030
1116
1117
31046
31073
31076
31122
10351
31281
68723
31297
31317
31318
31320
31321
21261
31336
31337
31357
22082
36408
31363
31376
44190
21262
31538
44196
31545
31551
31619
44198
31625
31666
31668
31702
31768
31787
31873
31878
31919
31947
31976
31977
32007
32011
32012
32013
32024
32037
32038
32043
21205
32089
10356
32132
44230
44231
32151
440
1201
32194
32195
32226
44239
77436
77439
77442
77437
77440
77443
77438
77441
77444
32271
1212
32313
32318
1215
32329
32354
68308
1222
32363
1223
32377
32393
32397
44255
1226
1227
32412
44257
1229
32431
32455
32457
32463
32479
32484
32502
32508
32511
32515
32551
68620
32569
32627
32680
32681
32695
32696
32697
32701
32704
32707
32708
32711
32713
32716
32718
32719
32721
32728
32729
32731
32733
32742
32751
32757
32758
32759
32760
32764
32765
32766
32767
32768
32769
32770
32771
32794
22189
32809
32810
32811
32815
44299
32825
44300
1284
1285
32841
1286
44301
1287
32865
1288
32871
80210
80211
68370
32882
32883
32885
32890
1289
32891
32896
1290
32907
1291
32912
1292
32929
32934
32936
22203
32944
32962
68417
1299
32972
32980
1302
32982
1303
32996
32999
44318
33010
33013
33014
33019
33020
33021
22211
33026
33032
33033
33034
44320
33035
33036
33037
33038
33039
33040
33041
33042
33043
33044
33045
33046
33047
33048
33049
33050
33051
33052
44321
33053
44322
1312
44323
33074
44324
33078
44325
33094
1316
44328
22222
22223
33134
44329
44330
22225
33148
33156
22227
33162
33163
33164
22228
33175
1327
44335
33191
33217
33225
44339
1335
33241
33279
33280
33288
33296
33297
33298
33299
33300
33301
33302
33304
33305
1343
33322
33323
33329
33339
44349
33351
33365
44351
33405
33407
44352
33409
33417
1350
33536
1356
44359
44360
1358
1359
33661
33663
33666
33672
455
33701
33744
33748
33749
33750
33751
33752
33753
33754
33755
44370
33780
1369
44373
1370
66563
33818
33832
33840
33848
33851
33852
44378
33990
34373
34374
22279
34420
34424
44386
34438
34466
34536
34574
34586
34602
34603
34606
34608
44395
34622
130
34721
34730
34734
68374
34819
1426
34918
34919
44410
34932
34935
44412
1434
44413
44414
34976
1436
34986
34989
34992
35036
35062
35077
35094
35104
35107
44463
1446
44464
35129
44465
35131
35156
35171
22325
35195
35204
1453
35250
35253
35275
35285
35288
36410
35332
44475
35354
35356
35357
22331
35360
35390
22334
35426
35432
35441
35464
35472
35473
35492
1477
35576
35580
35581
1479
35637
35647
35678
35696
35697
65346
22360
35715
35716
35717
35718
35719
35720
35721
35832
35876
35902
35903
35916
35949
35955
36040
44516
36044
36046
36223
36224
22379
36240
36287
36289
36316
36331
36334
36353
36354
36355
36356
36357
36358
36359
36360
36361
36362
36363
36364
36365
36366
36367
44538
44626
37304
44672
10388
44688
44697
44711
44721
44722
44738
44740
44763
22884
44801
44812
44829
44835
30
44941
45128
45133
10409
45154
45155
45156
45157
45158
45159
45160
45161
45162
45163
45164
45212
45213
68401
45231
45277
45281
76977
76978
76979
76980
76981
76982
45315
45316
45317
45327
45333
45334
45335
37343
10426
45375
45390
37347
37348
45427
36416
45440
45456
45466
10435
45468
45474
45475
45483
45490
45493
45498
45528
10439
10440
45598
45600
10444
45636
45880
45893
45896
45897
45904
45905
45906
45907
10450
22936
45918
45922
45923
45931
10452
45933
37369
45945
45949
45953
45959
21348
45963
45964
45972
45973
45974
46009
46021
46030
46033
46037
46041
10462
10464
46058
46064
46071
46081
46093
601
46100
46105
46106
46146
46156
46177
37393
46228
46229
46233
46234
46288
46333
46350
46376
46378
46380
46411
46421
37406
46440
46441
46442
46443
46447
22975
46471
46477
46492
46502
46550
46557
46567
46568
46570
46571
46636
46637
46638
46639
46640
46641
46666
46667
46668
46670
46675
46707
46709
46721
10507
46730
46734
46754
22450
10512
46773
10514
46786
22998
46787
46788
46804
46805
68393
46817
46821
46825
46826
46840
46876
46906
23009
46977
46980
46984
46985
46988
47031
47042
47043
47044
23016
47045
47095
47103
47105
47107
47108
47118
47132
47136
47155
47165
47167
47206
47212
47216
47222
47226
10546
47275
10548
47282
47288
47294
47305
47306
23108
37475
22454
47424
47449
10580
47534
47535
10582
47552
47554
47561
47569
47586
47589
10586
47596
47605
47607
68350
47625
47627
47649
47653
47656
68344
10593
611
47707
47715
47716
47719
47720
47721
47722
47729
47734
47735
47741
10602
47771
47823
47825
10609
47835
47845
47854
47863
47865
47873
47874
47875
47876
47877
47878
47879
47880
47881
47882
10614
47883
47884
47922
47923
47924
47932
47954
47964
47965
47966
47967
47968
47969
47970
47971
47972
47973
47978
47980
47985
47996
48004
48005
48006
37529
48027
48030
48036
21367
48041
48042
48048
48064
48079
10632
48110
48121
48128
48135
48152
48159
48162
48164
1631
48193
48194
48203
48221
48222
48223
48225
48228
48232
48239
48240
48241
48272
48274
48275
48276
48279
48286
10647
48293
48294
48296
48404
48412
23189
48426
48427
48428
48429
48431
48475
48479
48485
23194
48522
48525
48526
48535
23197
48547
48548
48620
23204
48699
48724
10671
48817
48818
10677
48820
1541
48840
48844
48845
23219
48906
48918
22466
10684
48991
49027
49030
23229
10690
23232
49090
77591
49096
77588
77589
77590
49128
49130
49133
49144
49147
624
49193
49194
49195
49197
49198
49199
49200
49221
49244
49282
49284
23245
49340
49341
49342
49384
49408
49411
49425
49427
37617
10714
66994
49489
49496
36443
22470
49503
10721
49548
49551
49579
49585
49587
49633
49644
49645
49646
49647
49648
49649
49691
49698
49704
10730
49715
49721
49739
49740
49745
49769
49770
49843
49844
49845
49846
49847
49848
49849
49850
49851
49852
49853
49854
49855
49856
 V111111
 V11112
 V111113
 V111114
 V111115
 V111116
10864
64539
26033
26122
24147
23748
56615
76486
23749
27057
13775
81369
84761
84762
84763
66808
62458
65026
71188
75123
84823
84824
84764
84765
84766
61849
84826
84827
84828
84830
84832
84833
84834
84835
84836
84837
84888
84866
84838
84839
84840
84841
84842
84843
84844
84845
84846
84858
84859
84855
84854
84853
84852
84851
84850
84849
84848
84847
84856
84857
84860
84861
84862
84863
84864
84865
 B123456
 B123333
84773
84777
84776
84775
84774
72512
72511
72514
84889
84890
84891
84892
84893
84937
84936
84935
84934
84933
84932
84931
84949
84948
84947
84946
84945
84944
84943
84942
84941
84940
84939
84938
84964
84963
84962
84961
84958
84957
84956
84955
84954
84953
84952
84983
85003
84982
84981
84980
84979
84978
84977
84951
84950
84960
84959
84984
84969
84986
84985
84867
84870
84871
84873
84875
84876
84923
85002
85001
84973
84965
85000
84999
84987
84998
84966
84967
84971
84972
84974
84976
84988
84970
84968
84991
84990
84989
84997
84995
84975
84996
84994
84993
84992
78904
78933
78920
78907
78901
78915
78913
78926
78906
78911
74241
71183
84869
84914
84916
84917
84919
84921
84922
84926
84927
84929
84928
78909
78905
78899
78908
78910
78925
78927
78928
78916
78912
78903
78924
78923
78922
78902
78917
78918
78919
78914
